B =
  20.22675  -15.78811    0.00000    0.00000   -4.45327    0.00000    0.00000    0.00000    0.00000    0.00000    0.00000    0.00000    0.00000    0.00000 
 -15.76116   20.41857   -4.78867    0.00000    0.00000    0.00000    0.00000    0.00000    0.00000    0.00000    0.00000    0.00000    0.00000    0.00000 
   0.00000   -4.91271    9.85975   -5.36955    0.00000    0.00000    0.00000    0.00000    0.00000    0.00000    0.00000    0.00000    0.00000    0.00000 
   0.00000    0.00000   -4.40430   10.65953    0.00000    0.00000   -4.37680    0.00000   -1.62644    0.00000    0.00000    0.00000    0.00000    0.00000 
  -4.52038    0.00000    0.00000    0.00000    8.27084   -4.00019    0.00000    0.00000    0.00000    0.00000    0.00000    0.00000    0.00000    0.00000 
   0.00000    0.00000    0.00000    0.00000   -3.95549   14.65629    0.00000    0.00000    0.00000    0.00000    0.00000   -3.43036   -6.60327    0.00000 
   0.00000    0.00000    0.00000   -4.25399    0.00000    0.00000   17.81499   -5.17343   -8.27946    0.00000    0.00000    0.00000    0.00000    0.00000 
   0.00000    0.00000    0.00000    0.00000    0.00000    0.00000   -5.17343    5.17343    0.00000    0.00000    0.00000    0.00000    0.00000    0.00000 
   0.00000    0.00000    0.00000   -1.57799    0.00000    0.00000   -8.26476    0.00000   21.73403   -9.46414    0.00000    0.00000    0.00000   -2.75606 
   0.00000    0.00000    0.00000    0.00000    0.00000    0.00000    0.00000    0.00000   -9.27288   13.19762   -3.96490    0.00000    0.00000    0.00000 
   0.00000    0.00000    0.00000    0.00000    0.00000    0.00000    0.00000    0.00000    0.00000   -3.91148    3.90235    0.00000    0.00000    0.00000 
   0.00000    0.00000    0.00000    0.00000    0.00000   -3.28516    0.00000    0.00000    0.00000    0.00000    0.00000    5.65506   -2.35918    0.00000 
   0.00000    0.00000    0.00000    0.00000    0.00000   -6.19816    0.00000    0.00000    0.00000    0.00000    0.00000   -2.30782   10.90880   -2.42777 
   0.00000    0.00000    0.00000    0.00000    0.00000    0.00000    0.00000    0.00000   -2.84910    0.00000    0.00000    0.00000   -2.12920    4.97447 

X =
  -3.15624   -3.24439   -3.34128   -3.95246   -3.03186   -2.78611   -4.12337   -4.12337   -4.21387   -4.32384   -4.39316   -2.94344   -3.07128   -3.83359 
  -3.23682   -3.26420   -3.36820   -3.99121   -3.10211   -2.84230   -4.16848   -4.16848   -4.26236   -4.37360   -4.44371   -3.00083   -3.12839   -3.88832 
  -3.41327   -3.44872   -3.36450   -4.00933   -3.24831   -2.94932   -4.20271   -4.20271   -4.30512   -4.41747   -4.48829   -3.10746   -3.23059   -3.96189 
  -3.30614   -3.34617   -3.28260   -3.71043   -3.12646   -2.81517   -3.90333   -3.90333   -4.00549   -4.11002   -4.17591   -2.96050   -3.06989   -3.71746 
  -3.08479   -3.16353   -3.23485   -3.80211   -2.77283   -2.57776   -3.94987   -3.94987   -4.02812   -4.13324   -4.19950   -2.73031   -2.85874   -3.62694 
  -2.81145   -2.87466   -2.91262   -3.39484   -2.55700   -2.18137   -3.50722   -3.50722   -3.56673   -3.65981   -3.71848   -2.31902   -2.44008   -3.16699 
  -3.34856   -3.39290   -3.34043   -3.78911   -3.15340   -2.82373   -3.81379   -3.81379   -3.94785   -4.05088   -4.11582   -2.96573   -3.06999   -3.68557 
  -3.34856   -3.39290   -3.34043   -3.78911   -3.15340   -2.82373   -3.81379   -3.62049   -3.94785   -4.05088   -4.11582   -2.96573   -3.06999   -3.68557 
  -3.41409   -3.46121   -3.41377   -3.87902   -3.20842   -2.86500   -3.93836   -3.93836   -3.96979   -4.07339   -4.13869   -3.00715   -3.11012   -3.71731 
  -3.43239   -3.47976   -3.43207   -3.89981   -3.22562   -2.88036   -3.95948   -3.95948   -3.99108   -3.98681   -4.05072   -3.02327   -3.12680   -3.73724 
  -3.44043   -3.48791   -3.44011   -3.90894   -3.23317   -2.88711   -3.96874   -3.96874   -4.00042   -3.99614   -3.80395   -3.03035   -3.13411   -3.74599 
  -2.84833   -2.91043   -2.94280   -3.42351   -2.59727   -2.22406   -3.53234   -3.53234   -3.58997   -3.68366   -3.74271   -2.16593   -2.43482   -3.17730 
  -2.91262   -2.97347   -2.99820   -3.47899   -2.66514   -2.29360   -3.58337   -3.58337   -3.63865   -3.73360   -3.79346   -2.38647   -2.43856   -3.20609 
  -3.20208   -3.25511   -3.23852   -3.71078   -2.97835   -2.62263   -3.78945   -3.78945   -3.83111   -3.93109   -3.99411   -2.74380   -2.82507   -3.30033 

1: 0.019908
2: 0.017718
4: 0.102373
7: 0.138374
8: 0.178701
9: 0.133224
10: 0.142220
11: 0.160572
12: 0.009492
13: 0.020812
14: 0.086434
linear programming...
